0; 13.00
0; 13.00
1; 14.00
1; 13.00
2; 13.00
2; 13.00
3; 14.00
5; 13.00
15; 13.00
26; 13.00
37; 13.00
50; 14.00
61; 13.00
72; 13.00
83; 13.00
95; 13.00
106; 13.00
119; 13.00
132; 13.00
144; 13.00
156; 14.00
168; 13.00
182; 13.00
194; 13.00
206; 13.00
219; 13.00
231; 13.00
244; 13.00
257; 13.00
269; 13.00
281; 13.00
293; 13.00
306; 13.00
319; 13.00
331; 13.00
344; 13.00
356; 13.00
368; 13.00
381; 13.00
394; 13.00
406; 13.00
418; 14.00
431; 13.00
444; 14.00
456; 13.00
468; 14.00
481; 13.00
493; 13.00
505; 13.00
519; 13.00
531; 13.00
543; 13.00
556; 13.00
568; 13.00
581; 13.00
593; 13.00
606; 13.00
618; 13.00
630; 13.00
644; 13.00
656; 13.00
668; 13.00
680; 13.00
693; 13.00
705; 13.00
718; 13.00
731; 13.00
743; 13.00
755; 14.00
768; 13.00
781; 14.00
793; 13.00
805; 13.00
818; 13.00
830; 13.00
843; 13.00
856; 13.00
868; 13.00
880; 13.00
892; 13.00
905; 13.00
918; 13.00
930; 13.00
943; 13.00
955; 13.00
967; 13.00
980; 14.00
993; 13.00
1005; 13.00
1018; 13.00
1032; 13.00
1046; 13.00
1059; 14.00
1073; 13.00
1086; 13.00
1099; 13.00
1114; 14.00
1127; 14.00
1140; 14.00
1154; 14.00
1167; 14.00
1181; 14.00
1195; 14.00
1208; 14.00
1221; 14.00
1234; 14.00
1249; 14.00
1262; 14.00
1275; 14.00
1289; 14.00
1302; 14.00
1316; 13.00
1330; 14.00
1343; 14.00
1356; 14.00
1370; 14.00
1384; 14.00
1397; 14.00
1411; 14.00
1424; 14.00
1437; 14.00
1452; 14.00
1465; 14.00
1478; 14.00
1491; 14.00
1506; 14.00
1519; 14.00
1532; 14.00
1546; 14.00
1559; 13.00
1573; 14.00
1587; 14.00
1600; 14.00
1613; 14.00
1627; 14.00
1641; 14.00
1654; 14.00
1668; 14.00
1681; 14.00
1694; 14.00
1709; 14.00
1722; 14.00
1735; 14.00
1748; 14.00
1762; 14.00
1776; 14.00
1789; 14.00
1803; 14.00
1816; 14.00
1829; 14.00
1844; 14.00
1857; 14.00
1870; 14.00
1884; 14.00
1897; 14.00
1911; 14.00
1925; 14.00
1938; 14.00
1951; 14.00
1965; 14.00
1979; 14.00
1992; 14.00
2006; 14.00
2019; 14.00
2032; 14.00
2046; 14.00
2060; 14.00
2073; 14.00
2086; 14.00
2100; 14.00
2114; 14.00
2127; 14.00
2141; 14.00
2154; 14.00
2167; 14.00
2182; 14.00
2195; 14.00
2208; 14.00
2222; 14.00
2235; 14.00
2249; 13.00
2263; 14.00
2276; 14.00
2289; 14.00
2302; 14.00
2317; 14.00
2330; 14.00
2343; 14.00
2357; 14.00
2371; 14.00
2384; 14.00
2398; 14.00
2411; 14.00
2424; 14.00
2439; 14.00
2452; 14.00
2465; 14.00
2479; 13.00
2492; 14.00
2506; 14.00
2520; 14.00
2533; 14.00
2546; 14.00
2560; 14.00
2574; 14.00
2587; 14.00
2600; 14.00
2614; 14.00
2627; 14.00
2641; 14.00
2655; 14.00
2668; 14.00
2681; 14.00
2695; 13.00
2709; 14.00
2722; 14.00
2736; 14.00
2749; 14.00
2762; 14.00
2777; 14.00
2790; 14.00
2803; 14.00
2817; 14.00
2830; 14.00
2844; 14.00
2857; 14.00
2871; 14.00
2884; 14.00
2897; 14.00
2912; 14.00
2925; 13.00
2938; 13.00
2952; 14.00
2965; 14.00
2979; 14.00
2993; 14.00
3006; 14.00
3019; 14.00
3033; 14.00
3047; 14.00
3060; 14.00
3074; 14.00
3087; 14.00
3100; 14.00
3115; 13.00
3128; 13.00
3141; 13.00
3154; 13.00
3168; 13.00
3182; 14.00
3195; 14.00
3209; 14.00
3222; 13.00
3236; 13.00
3250; 13.00
3263; 13.00
3276; 14.00
3290; 14.00
3304; 13.00
3317; 13.00
3331; 13.00
3344; 13.00
3357; 14.00
3372; 13.00
3385; 13.00
3398; 13.00
3411; 14.00
3425; 13.00
3439; 13.00
3452; 14.00
3466; 13.00
3479; 13.00
3492; 13.00
3507; 13.00
3520; 14.00
3533; 14.00
3547; 13.00
3560; 13.00
3574; 13.00
3588; 13.00
3601; 13.00
3614; 13.00
3628; 13.00
3642; 14.00
3655; 14.00
3668; 13.00
3682; 13.00
3695; 13.00
3709; 13.00
3723; 13.00
3736; 13.00
3749; 13.00
3763; 13.00
3777; 13.00
3790; 13.00
3804; 13.00
3817; 13.00
3830; 13.00
3845; 13.00
3858; 13.00
3871; 14.00
3885; 14.00
3898; 13.00
3912; 13.00
3926; 13.00
3939; 13.00
3952; 13.00
3965; 13.00
3980; 14.00
3993; 14.00
4006; 14.00
4020; 13.00
4033; 14.00
4047; 13.00
4061; 13.00
4074; 13.00
4087; 13.00
4102; 13.00
4115; 14.00
4128; 13.00
4142; 13.00
4155; 13.00
4169; 13.00
4183; 13.00
4196; 13.00
4209; 14.00
4222; 13.00
4237; 13.00
4250; 13.00
4263; 13.00
4277; 13.00
4290; 14.00
4304; 13.00
4318; 13.00
4331; 14.00
4344; 14.00
4358; 13.00
4372; 13.00
4385; 13.00
4399; 13.00
4412; 14.00
4425; 13.00
4440; 13.00
4453; 14.00
4466; 14.00
4480; 13.00
4493; 13.00
4507; 13.00
4520; 13.00
4534; 13.00
4547; 13.00
4560; 13.00
4575; 13.00
4588; 13.00
4601; 13.00
4615; 13.00
4628; 13.00
4642; 13.00
4656; 13.00
4669; 13.00
4682; 13.00
4696; 13.00
4710; 13.00
4723; 14.00
4737; 13.00
4750; 13.00
4763; 13.00
4777; 13.00
4791; 13.00
4804; 14.00
4817; 14.00
4831; 13.00
4845; 13.00
4858; 13.00
4872; 14.00
4885; 13.00
4898; 13.00
4913; 13.00
4926; 13.00
4939; 14.00
4953; 13.00
4967; 13.00
4980; 13.00
4994; 14.00
5007; 13.00
5020; 13.00
5035; 14.00
5048; 13.00
5061; 13.00
5074; 13.00
5088; 14.00
5102; 14.00
5115; 14.00
5129; 14.00
5142; 14.00
5155; 14.00
5170; 14.00
5183; 14.00
5196; 14.00
5210; 14.00
5223; 14.00
5237; 14.00
5251; 14.00
5264; 14.00
5277; 14.00
5291; 14.00
5305; 14.00
5318; 14.00
5331; 14.00
5345; 14.00
5358; 14.00
5372; 14.00
5386; 14.00
5399; 14.00
5412; 14.00
5426; 14.00
5440; 14.00
5453; 14.00
5467; 14.00
5480; 14.00
5493; 14.00
5508; 14.00
5521; 14.00
5534; 14.00
5548; 14.00
5561; 14.00
5575; 14.00
5588; 14.00
5602; 14.00
5615; 14.00
5628; 14.00
5643; 14.00
5656; 14.00
5669; 14.00
5683; 14.00
5696; 14.00
5710; 14.00
5724; 14.00
5737; 14.00
5750; 14.00
5764; 14.00
5778; 14.00
5791; 14.00
5805; 14.00
5818; 14.00
5832; 14.00
5846; 14.00
5859; 14.00
5872; 14.00
5885; 14.00
5900; 13.00
5913; 14.00
5926; 13.00
5940; 13.00
5953; 14.00
5967; 13.00
5981; 13.00
5994; 13.00
6007; 13.00
6021; 13.00
6035; 13.00
6048; 13.00
6062; 13.00
6075; 13.00
6088; 13.00
6103; 13.00
6116; 13.00
6129; 14.00
6142; 14.00
6156; 13.00
6170; 14.00
6183; 13.00
6197; 13.00
6210; 13.00
6223; 13.00
6238; 13.00
6251; 13.00
6264; 13.00
6278; 14.00
6291; 13.00
6305; 13.00
6319; 13.00
6332; 13.00
6345; 13.00
6359; 13.00
6373; 14.00
6386; 13.00
6400; 13.00
6413; 13.00
6426; 13.00
6440; 13.00
6454; 13.00
6467; 13.00
6480; 13.00
6494; 13.00
6508; 13.00
6521; 13.00
6535; 13.00
6548; 13.00
6561; 13.00
6576; 13.00
6589; 13.00
6602; 14.00
6616; 13.00
6629; 13.00
6643; 13.00
6657; 13.00
6670; 13.00
6683; 13.00
6697; 14.00
6711; 14.00
6724; 14.00
6737; 14.00
6751; 14.00
6765; 13.00
6778; 14.00
6792; 13.00
6805; 13.00
6818; 14.00
6833; 14.00
6846; 14.00
6859; 14.00
6873; 14.00
6886; 14.00
6900; 14.00
6914; 14.00
6927; 14.00
6940; 14.00
6953; 14.00
6968; 14.00
6981; 14.00
6994; 14.00
7008; 14.00
7021; 13.00
7035; 14.00
7049; 14.00
7062; 14.00
7075; 13.00
7089; 14.00
7103; 14.00
7116; 14.00
7130; 14.00
7143; 14.00
7156; 14.00
7171; 14.00
7184; 14.00
7197; 14.00
7211; 14.00
7224; 14.00
7238; 14.00
7251; 14.00
7265; 14.00
7278; 14.00
7291; 14.00
7306; 14.00
7319; 14.00
7332; 14.00
7346; 14.00
7359; 14.00
7373; 14.00
7387; 14.00
7400; 13.00
7413; 14.00
7427; 14.00
7441; 14.00
7454; 14.00
7468; 13.00
7481; 14.00
7494; 14.00
7508; 13.00
7522; 14.00
7535; 13.00
7548; 13.00
7563; 13.00
7576; 13.00
7589; 13.00
7603; 13.00
7616; 13.00
7630; 13.00
7644; 13.00
7657; 14.00
7670; 13.00
7684; 13.00
7698; 13.00
7711; 13.00
7725; 13.00
7738; 14.00
7751; 13.00
7766; 13.00
7779; 13.00
7792; 13.00
7805; 13.00
7819; 13.00
7833; 13.00
7846; 13.00
7860; 13.00
7873; 13.00
7886; 13.00
7901; 13.00
7914; 13.00
7927; 13.00
7941; 13.00
7954; 14.00
7968; 14.00
7982; 13.00
7995; 13.00
8008; 14.00
8022; 13.00
8036; 13.00
8049; 14.00
8062; 13.00
8076; 13.00
8089; 13.00
8103; 13.00
8117; 13.00
8130; 13.00
8143; 13.00
8157; 13.00
8171; 13.00
8184; 13.00
8198; 13.00
8211; 13.00
8224; 13.00
8239; 13.00
8252; 13.00
8265; 13.00
8279; 13.00
8292; 14.00
8306; 14.00
8320; 14.00
8333; 14.00
8346; 14.00
8359; 13.00
8374; 14.00
8387; 14.00
8400; 13.00
8414; 13.00
8428; 14.00
8441; 14.00
8455; 13.00
8468; 14.00
8481; 14.00
8496; 14.00
8509; 14.00
8522; 14.00
8536; 14.00
8549; 14.00
8563; 13.00
8577; 14.00
8590; 13.00
8603; 14.00
8616; 14.00
8631; 13.00
8644; 13.00
8657; 14.00
8671; 14.00
8684; 14.00
8698; 14.00
8712; 14.00
8725; 14.00
8738; 13.00
8752; 14.00
8766; 14.00
8779; 14.00
8793; 14.00
8806; 14.00
8819; 13.00
8834; 13.00
8847; 14.00
8860; 13.00
8873; 13.00
8887; 14.00
8901; 14.00
8914; 14.00
8928; 13.00
8941; 14.00
8954; 14.00
8969; 14.00
8982; 14.00
8995; 14.00
9009; 14.00
9022; 13.00
9036; 14.00
9050; 14.00
9063; 13.00
9076; 14.00
9090; 14.00
9104; 13.00
9117; 14.00
9131; 14.00
9144; 13.00
9157; 13.00
9171; 13.00
9185; 13.00
9198; 13.00
9211; 13.00
9225; 13.00
9239; 13.00
9252; 13.00
9266; 13.00
9279; 13.00
9293; 14.00
9307; 14.00
9320; 14.00
9333; 13.00
9347; 14.00
9361; 13.00
9374; 13.00
9388; 14.00
9401; 13.00
9414; 13.00
9428; 13.00
9442; 13.00
9455; 13.00
9468; 13.00
9482; 13.00
9496; 13.00
9509; 13.00
9523; 13.00
9536; 14.00
9549; 14.00
9564; 13.00
9577; 13.00
9590; 14.00
9604; 13.00
9617; 13.00
9631; 13.00
9645; 13.00
9658; 13.00
9671; 13.00
9684; 13.00
9699; 13.00
9712; 13.00
9725; 13.00
9739; 13.00
9752; 13.00
9766; 14.00
9780; 13.00
9793; 13.00
9806; 13.00
9820; 13.00
9834; 13.00
9847; 13.00
9861; 13.00
9874; 13.00
9887; 13.00
9902; 14.00
9915; 13.00
9928; 14.00
9942; 13.00
9955; 14.00
9969; 14.00
9982; 14.00
9996; 14.00
10009; 14.00
10023; 14.00
10039; 14.00
10053; 14.00
10067; 14.00
10082; 14.00
10097; 14.00
10112; 14.00
10126; 14.00
10140; 13.00
10155; 13.00
10170; 14.00
10184; 14.00
10199; 14.00
10213; 14.00
10228; 14.00
10243; 14.00
10257; 14.00
10271; 14.00
10286; 14.00
10301; 14.00
10315; 14.00
10330; 14.00
10344; 14.00
10359; 14.00
10374; 14.00
10388; 14.00
10402; 14.00
10417; 14.00
10432; 14.00
10446; 14.00
10461; 14.00
10475; 14.00
10489; 14.00
10505; 14.00
10519; 14.00
10533; 13.00
10548; 14.00
10563; 13.00
10577; 14.00
10592; 14.00
10606; 14.00
10620; 14.00
10636; 14.00
10650; 14.00
10664; 14.00
10679; 14.00
10694; 13.00
10708; 13.00
10723; 13.00
10737; 13.00
10752; 13.00
10767; 13.00
10781; 13.00
10796; 13.00
10810; 13.00
10825; 13.00
10840; 13.00
10854; 13.00
10868; 13.00
10883; 13.00
10898; 13.00
10912; 13.00
10927; 14.00
10941; 13.00
10955; 13.00
10971; 13.00
10985; 13.00
10999; 13.00
11014; 13.00
11029; 14.00
11043; 13.00
11058; 13.00
11072; 14.00
11086; 13.00
11102; 14.00
11116; 13.00
11130; 13.00
11145; 13.00
11160; 13.00
11174; 13.00
11189; 13.00
11203; 13.00
11217; 14.00
11233; 13.00
11247; 13.00
11261; 13.00
11276; 13.00
11291; 14.00
11305; 13.00
11320; 13.00
11334; 13.00
11348; 13.00
11364; 14.00
11378; 13.00
11393; 13.00
11407; 13.00
11421; 13.00
11437; 13.00
11451; 13.00
11465; 13.00
11480; 13.00
11495; 13.00
11509; 14.00
11524; 14.00
11538; 13.00
11552; 14.00
11568; 14.00
11582; 14.00
11596; 14.00
11611; 14.00
11626; 14.00
11640; 14.00
11655; 14.00
11669; 14.00
11683; 14.00
11699; 14.00
11713; 14.00
11727; 14.00
11742; 14.00
11757; 14.00
11771; 14.00
11786; 14.00
11800; 14.00
11814; 14.00
11830; 14.00
11844; 14.00
11858; 14.00
11873; 14.00
11887; 14.00
11902; 14.00
11917; 14.00
11931; 14.00
11945; 14.00
11961; 14.00
11975; 13.00
11990; 14.00
12004; 14.00
12018; 13.00
12034; 14.00
12048; 14.00
12062; 14.00
12077; 13.00
12092; 13.00
12106; 14.00
12121; 14.00
12135; 14.00
12149; 14.00
12165; 14.00
12179; 14.00
12193; 14.00
12208; 14.00
12223; 14.00
12237; 14.00
12252; 14.00
12266; 14.00
12280; 14.00
12296; 13.00
12310; 13.00
12324; 14.00
12339; 13.00
12353; 13.00
12368; 13.00
12383; 14.00
12397; 13.00
12411; 13.00
12427; 13.00
12441; 13.00
12455; 13.00
12470; 14.00
12484; 13.00
12499; 13.00
12514; 13.00
12528; 13.00
12542; 13.00
12558; 13.00
12572; 14.00
12587; 13.00
12601; 13.00
12615; 13.00
12631; 13.00
12645; 13.00
12659; 13.00
12674; 13.00
12689; 13.00
12703; 13.00
12718; 13.00
12732; 13.00
12746; 13.00
12762; 13.00
12776; 13.00
12790; 13.00
12805; 13.00
12819; 13.00
12834; 13.00
12849; 13.00
12863; 14.00
12877; 13.00
12893; 13.00
12907; 13.00
12921; 13.00
12936; 13.00
12950; 14.00
12965; 13.00
12980; 13.00
12994; 13.00
13008; 13.00
13024; 13.00
13038; 13.00
13052; 13.00
13067; 13.00
13081; 13.00
13096; 14.00
13111; 14.00
13125; 14.00
13139; 14.00
13155; 14.00
13169; 14.00
13184; 14.00
13198; 14.00
13212; 13.00
13228; 14.00
13242; 14.00
13256; 14.00
13271; 14.00
13285; 14.00
13300; 14.00
13315; 13.00
13329; 14.00
13343; 14.00
13359; 14.00
13373; 13.00
13387; 14.00
13402; 14.00
13416; 14.00
13431; 14.00
13446; 13.00
13460; 14.00
13474; 14.00
13490; 13.00
13504; 14.00
13518; 14.00
13533; 14.00
13547; 14.00
13562; 14.00
13577; 14.00
13591; 14.00
13605; 14.00
13621; 13.00
13635; 13.00
13649; 14.00
13664; 14.00
13678; 14.00
13693; 14.00
13708; 14.00
13722; 14.00
13736; 14.00
13751; 14.00
13766; 14.00
13780; 14.00
13795; 14.00
13809; 14.00
13825; 14.00
13839; 14.00
13853; 14.00
13868; 14.00
13882; 14.00
13897; 13.00
13912; 13.00
13926; 13.00
13940; 13.00
13956; 13.00
13970; 13.00
13984; 13.00
13999; 13.00
14013; 13.00
14028; 13.00
14043; 13.00
14057; 13.00
14071; 13.00
14087; 13.00
14101; 13.00
14115; 13.00
14130; 13.00
14144; 14.00
14159; 13.00
14174; 13.00
14188; 13.00
14202; 13.00
14217; 13.00
14232; 13.00
14246; 13.00
14261; 13.00
14275; 13.00
14290; 13.00
14305; 13.00
14319; 13.00
14333; 13.00
14348; 13.00
14363; 14.00
14377; 14.00
14392; 13.00
14406; 14.00
14422; 14.00
14436; 14.00
14450; 14.00
14465; 13.00
14479; 14.00
14494; 13.00
14509; 14.00
14523; 14.00
14537; 14.00
14553; 14.00
14567; 14.00
14581; 14.00
14596; 14.00
14610; 14.00
14625; 14.00
14640; 14.00
14654; 14.00
14668; 14.00
14683; 14.00
14698; 13.00
14712; 14.00
14727; 14.00
14741; 14.00
14756; 13.00
14771; 14.00
14785; 14.00
14799; 14.00
14814; 13.00
14829; 14.00
14843; 14.00
14858; 14.00
14872; 14.00
14887; 14.00
14902; 14.00
14916; 14.00
14930; 13.00
14945; 14.00
14960; 14.00
14974; 13.00
14989; 14.00
15003; 14.00
15019; 14.00
15033; 14.00
15047; 14.00
15062; 14.00
15076; 14.00
15091; 14.00
15106; 14.00
15120; 14.00
15134; 14.00
15149; 14.00
15164; 14.00
15178; 14.00
15193; 13.00
15207; 14.00
15222; 14.00
15237; 14.00
15251; 13.00
15265; 14.00
15280; 14.00
15295; 14.00
15309; 13.00
15324; 14.00
15338; 14.00
15353; 14.00
15368; 13.00
15382; 14.00
15396; 14.00
15411; 13.00
15426; 14.00
15440; 14.00
15455; 14.00
15469; 13.00
15484; 14.00
15499; 14.00
15513; 14.00
15527; 13.00
15542; 14.00
15557; 14.00
15571; 14.00
15586; 14.00
15600; 14.00
15614; 14.00
15630; 13.00
15644; 14.00
15659; 14.00
15673; 14.00
15688; 14.00
15703; 14.00
15717; 14.00
15731; 14.00
15746; 14.00
15761; 14.00
15775; 14.00
15790; 14.00
15804; 14.00
15819; 14.00
15834; 14.00
15848; 14.00
15862; 14.00
15877; 14.00
15892; 13.00
15906; 14.00
15921; 14.00
15935; 13.00
15950; 13.00
15965; 14.00
15979; 14.00
15993; 14.00
16008; 13.00
16023; 14.00
16037; 14.00
16052; 14.00
16066; 14.00
16080; 14.00
16096; 13.00
16110; 13.00
16124; 14.00
16139; 14.00
16154; 14.00
16168; 13.00
16183; 13.00
16197; 14.00
16211; 13.00
16227; 14.00
16241; 14.00
16256; 14.00
16270; 13.00
16285; 13.00
16300; 14.00
16314; 14.00
16328; 14.00
16343; 14.00
16358; 14.00
16372; 13.00
16387; 14.00
16401; 13.00
16416; 14.00
16431; 13.00
16445; 13.00
16459; 13.00
16474; 13.00
16489; 13.00
16503; 13.00
16518; 13.00
16532; 13.00
16546; 13.00
16562; 14.00
16576; 13.00
16590; 13.00
16605; 14.00
16620; 13.00
16634; 14.00
16649; 13.00
16663; 13.00
16677; 13.00
16693; 13.00
16707; 13.00
16721; 13.00
16736; 14.00
16751; 13.00
16765; 13.00
16780; 13.00
16794; 13.00
16808; 13.00
16824; 13.00
16838; 13.00
16852; 13.00
16867; 13.00
16882; 13.00
16897; 13.00
16911; 13.00
16925; 13.00
16940; 13.00
16955; 13.00
16969; 14.00
16984; 13.00
16998; 13.00
17012; 14.00
17028; 14.00
17042; 13.00
17056; 13.00
17071; 14.00
17086; 13.00
17100; 13.00
17115; 13.00
17129; 13.00
17143; 13.00
17159; 14.00
17173; 13.00
17187; 13.00
17202; 13.00
17217; 13.00
17231; 13.00
17246; 13.00
17260; 14.00
17274; 13.00
17290; 13.00
17304; 13.00
17318; 13.00
17333; 13.00
17348; 13.00
17362; 13.00
17377; 13.00
17391; 13.00
17405; 13.00
17421; 14.00
17435; 13.00
17449; 13.00
17464; 13.00
17478; 13.00
17494; 13.00
17508; 13.00
17522; 14.00
17537; 13.00
17552; 13.00
17566; 13.00
17581; 13.00
17595; 13.00
17609; 13.00
17625; 13.00
17639; 13.00
17653; 13.00
17668; 13.00
17683; 13.00
17697; 14.00
17712; 13.00
17726; 13.00
17740; 13.00
17756; 14.00
17770; 14.00
17784; 13.00
17799; 13.00
17814; 13.00
17828; 13.00
17843; 13.00
17857; 13.00
17871; 13.00
17887; 14.00
17901; 13.00
17915; 14.00
17930; 13.00
17944; 13.00
17959; 13.00
17974; 13.00
17988; 13.00
18002; 13.00
18018; 13.00
18032; 13.00
18046; 13.00
18061; 13.00
18075; 13.00
18091; 13.00
18105; 13.00
18119; 13.00
18134; 14.00
18149; 13.00
18163; 13.00
18178; 13.00
18192; 13.00
18206; 13.00
18222; 13.00
18236; 13.00
18250; 14.00
18265; 13.00
18280; 13.00
18294; 14.00
18309; 13.00
18323; 13.00
18337; 13.00
18353; 14.00
18367; 13.00
18381; 13.00
18396; 14.00
18410; 13.00
18425; 13.00
18440; 14.00
18454; 13.00
18468; 13.00
18484; 13.00
18498; 14.00
18512; 13.00
18527; 13.00
18541; 14.00
18556; 13.00
18571